-18.1474800025 -15.3762540221
-19.808975655 2.87880437479
-16.5082279359 14.2641097438
14.4169314581 -7.41223751953
5.14611798275 -9.06738497606
19.3950252139 2.82829625569
-3.09377561011 19.8049645882
-14.7190519928 -22.5935744796
-5.6012516433 -4.79427772305
20.9628331848 23.0113112642
-2.7895573946 14.4971774102
13.132520637 -0.244068179962
4.85098695421 -23.0330990272
15.0763939745 6.63519416336
17.1377533603 15.7284818805
-5.42358277756 19.3719529795
4.50462358355 3.34455877179
21.9203084641 6.07668808123
-18.6293539708 -8.78414003974
0.740995975189 -21.8778624864
18.4770829126 2.03482070283
-6.51980895061 -5.49201539752
7.92948591247 -12.3927755855
-9.09378585394 18.0120157266
-12.1435440897 12.0128729977
16.6736376262 16.464256783
20.3520734573 -19.4839933495
-14.2037209016 -2.48582592088
-6.64494633299 -22.2171767418
13.5368098788 6.49281047177
-7.75722068648 -7.81447535848
-5.43236398795 -20.5277173379
-11.5030582881 6.58715580796
-21.5446812847 -10.4585728749
19.3116938568 -18.6056110823
-19.857119276 2.5980196699
-16.5211581679 12.9188806305
23.3886194858 5.83894293802
4.99318435597 0.153624137045
-11.7901253624 14.2739707644
0.375388167133 -18.0762869223
-23.1950933015 -8.14766346394
2.69663738367 -4.3270691503
-21.5727202423 -3.32210568504
7.47485779547 -12.2384427793
-23.9848499088 -23.1243942398
-21.8673784792 24.1095362507
13.2155037551 16.5829765622
-6.48162843692 23.360272111
-2.52275098666 22.780239245
-2.09265584706 -14.3590938163
-4.55453466184 -20.497037508
-21.0694451311 -20.1522532238
22.4854310745 -11.8079833754
5.56198504795 12.2999827815
12.366664399 22.4789713726
-19.5267980003 -20.9229683726
-24.3256857322 -3.8668673132
11.55250766 -1.59848706045
5.48084468147 -14.0946019965
19.5901120913 -20.5657038897
23.2530277731 0.294501646291
-11.0663028709 -15.8876369775
24.3910401201 24.3075317601
-9.69812417111 -7.02425607023
-16.8362269233 -12.7041154461
-6.17726012588 18.5376028442
7.19153010388 0.0957936996054
-18.0201944222 8.58173106267
17.0908196116 20.046296693
13.7403064692 -12.6711399597
0.30938917317 18.8777685581
1.73169396696 -15.0788520356
-17.9424630482 -13.2883684289
0.277815316688 13.919830997
18.5622646427 -7.66568097421
9.65227588882 -18.3187123569
10.0632319389 -4.36042394286
1.49802225739 -20.278097959
17.8056501643 14.1545887265
-1.42224400509 -8.69172464413
-1.20493917351 1.10415962576
19.6578495242 -9.14807148193
-24.1574020761 -15.0453264289
-14.1573707173 -17.1309822324
0.492704581704 21.0509311938
4.35068168957 -22.1568648869
4.19368182387 16.7429138845
-15.9027967474 16.8457654675
-16.4521703384 24.5824872261
-4.7931554709 24.3607367375
-4.68343224314 12.5363739949
-23.9444742741 -21.1316924199
-20.2996541378 -21.3202689548
-6.16740720623 -14.0740132775
1.36972958099 11.5096503124
9.05165081071 -20.7243347523
24.0398253547 8.06443399811
17.4188066439 13.0680760293
4.12102756876 12.24405342
9.75468199167 -17.4035120166
-22.092964027 19.4216734648
-0.0280576504126 4.02336565049
-12.6636010907 -22.4735831151
12.2056355674 -21.9686819476
-16.9020015658 -15.6782677249
-8.54312553801 10.0898260684
-1.48092171094 -8.58297763362
1.86755819662 7.92787367582
-2.27220726965 -6.58994449817
9.47351182995 18.4459129239
7.12054577353 -5.62007768512
24.0820731895 -7.39129011073
22.9185647638 18.1450645361
-16.5863194535 12.1360528319
1.18791096836 8.88078751407
-14.7580159464 9.4693956781
-1.55542059005 -23.1141979563
3.36892184819 -18.5476316159
21.5832815964 -7.07845906544
-19.2192274472 -18.5658864955
2.98090633984 16.8524593912
-16.2409790412 -15.1983956037
-17.3022136068 -3.42026287293
-22.5679711062 -23.8402816678
-2.23083841978 -2.40794364672
10.8699803765 13.6872549401
-9.40105568884 2.36014441739
-11.6337368732 4.77412652105
-9.95270317538 9.23248555441
16.0580726421 15.9053836457
16.847352791 -2.40061722703
20.3135736533 12.3736199158
24.5379292036 -9.86445812566
19.1349799636 11.297190585
-5.54569946665 -23.4588230221
9.16385131248 21.9686819544
-16.52229617 -20.2330132646
12.9679538046 -19.5440281342
20.5610166108 2.33573733207
3.12081413659 -0.516772228655
-20.5829327571 -0.306433320312
-1.71398963326 6.14372966312
-11.7775560053 0.12182988987
-16.4301289497 17.468806793
15.2140429116 1.57531778395
8.19591678815 15.5870685559
7.10248157607 20.7591014859
-19.7176367083 2.04394809919
-19.731145245 17.1173641158
-19.1264916641 -20.1969627572
6.69683189093 -3.05660778361
7.65343763647 -21.7629580766
-1.35655330316 18.8770158388
2.81212630083 6.64724748212
5.21426085827 -13.1903021596
-8.83122240623 -15.162890944
12.4300524054 -21.559577848
24.4205505334 13.228118365
-10.2631828909 -6.30992928395
10.3516203455 24.0601428505
-6.82305038486 -22.2901358467
22.1497786472 19.6757195581
21.1925710151 9.07430607011
18.1117126639 8.93402985797
-8.0001739758 -12.0527193888
-20.014232635 3.41734947106
5.2265267802 -12.437668894
1.30742411062 21.1495375088
8.10969206225 -10.9167670787
-19.4074721417 -5.75656688993
10.2206786907 2.8812998838
21.2041436471 -22.489242564
-24.5305903372 15.6585726294
-19.2963330641 15.9299788693
11.1024577439 19.2562419988
0.743951928956 20.8811537045
5.12270344804 3.54794224568
-9.32219134092 -3.05063439942
-0.782291785033 -14.4973863477
-12.5520382156 -4.20953573343
19.1523237103 21.9274883933
-5.70757343227 15.3815078517
23.136809035 6.41580061272
-1.76261538631 -0.274235188802
-4.42282510842 -5.2977413296
23.6327959809 -1.09539652386
13.551363938 -3.25057014457
-0.653411965624 -3.7750320945
-1.92587828266 -10.9958452431
-6.76485937701 -16.6335522931
17.9999001457 -24.5692643595
-14.5406260167 -8.03604033086
-3.19395985426 13.2637438935
-5.43666172818 -0.869216603872
5.60480402042 -14.2011249096
21.5175780752 17.3263960716
9.79884528338 21.7998468626
-19.2294729566 3.97380454297
13.6141677834 -5.56162665982
5.60203013694 -0.450903373882
-14.8023503833 8.28529085232
6.17282259019 11.0973582174
0.103862679654 -9.37169045131
24.1187477733 -7.78915951475
-21.1508648373 9.27075532723
-1.33994978968 19.5734259336
-1.09241295834 4.90233797915
-13.7885509358 -24.572803833
20.814664657 17.9832019287
-10.5219857203 -1.96756995782
-3.07703464648 17.7517959446
-15.0791127806 -6.70606789073
8.73959072369 11.4046269418
-24.2096462173 16.1864314747
6.47868640069 15.7753067163
-0.799035286845 6.63368673409
0.546931422744 -22.9591445463
-2.54038891128 16.9154515269
23.1828708197 13.5379269864
22.8849381476 4.37395088967
-0.829661298863 -9.26434272207
6.57913593351 9.24951501385
16.3446001024 -8.56952146556
20.1244429715 -15.9942055813
3.53268179796 -22.3779905668
18.8488493518 13.9224773145
-0.708337035857 17.7756499366
-4.2790577216 9.07329927404
16.9517300927 4.18066901833
-0.523858598858 -22.1775493372
3.39700998062 -20.7432505154
-2.6536289976 -15.9445645783
24.4663471419 3.84237934478
21.7962471537 10.0587804806
-23.5003037009 13.5680388914
12.8394142194 4.01174832912
-6.03080651808 23.9019039086
-2.85758123354 13.2348847562
15.496688501 -1.7795438487
-5.47669190077 22.9116048885
16.0348871053 -19.967500779
-23.2806137532 -21.6463173012
14.0805060494 0.244291727305
12.7852571945 -24.2075802659
-4.85935447761 0.140950207296
11.2920471527 -19.2713464186
17.0722431936 -21.7712669137
-24.1974397879 9.74968452137
5.27498641221 17.6536590444
-23.4147027707 6.11163614666
22.6519604366 -15.6106724522
22.0957364664 -2.97343557186
6.53695657217 10.9157065429
22.0353634094 -22.3520414222
7.33588891184 -15.7595122643
-18.5890922537 -20.4244447256
-15.9867366627 1.59134705254
-13.3295474926 2.98219076996
3.1256679144 -3.04023360804
7.7357764602 -6.8146855294
-18.5499210728 -10.7990671486
-22.8996849005 -22.4100361807
-6.32475768021 -2.46781121466
2.39651247402 14.0889325389
-20.8045643011 -17.6818567556
6.4133590975 19.148538459
2.4877350558 -14.6034716832
6.29371014347 10.3456857812
-23.4879504228 2.44739670881
-7.7601639145 13.8399999513
-5.54950114627 -10.082294041
19.5734014771 12.4298588603
18.2601290994 -8.51605058294
1.06222689051 -11.7838067287
-10.8815208182 -19.1691482738
11.9093419558 1.37185209995
-12.6599228645 16.4885855333
12.305606569 -12.648367085
-8.86567716691 -17.4267001369
-11.6713986869 21.8500935823
2.25014013669 -6.23313919573
23.1489824473 -0.610171273626
-7.42050365525 -11.3671021803
-1.82730034375 3.39996182884
-4.77545244507 12.1223013408
-7.24868391295 -23.6402526309
-21.0652174977 -20.4454679212
-23.9938517268 8.4227789005
-10.6842524629 5.14995555828
13.6986551698 -1.61623466719
-7.07083322994 9.03690336371
-3.34515637479 2.28049609217
-7.19868169111 12.3772171735
17.8055716674 -16.8325062328
-17.4364269926 -0.25517992034
3.76020678095 11.506565555
-2.49522369628 -20.0713429691
-24.2907268722 -13.4247128778
-8.53470920632 -20.3654079675
